18166778,2908170952,245963716,2353605901,823367015830323201,818910970567344128,822215673812119553,818927131883356161,17685258,22203756,4121225056,471672239,729676086632656900,475802156,75541946,246500501,25429371,15513604,108471631,56561449,39349894,39344374,22703645,50769180,41634520,208155240,23970102,52544275,14839147,16031927,25073877
75541946,17685258,2353605901,4121225056,56561449,471672239,52544275,39349894,208155240,39344374,22203756,818910970567344128,29458079,25073877,22703645,50769180,822215673812119553,16031927,818927131883356161,41634520,14839147,15513604
17685258,25429371,2908170952,2353605901,75541946,18166778,245963716,818910970567344128,823367015830323201,729676086632656900,471672239,22203756,22703645,316865635,620571475,1222639789,216299334,4121225056,20733972,25073877,39344374,39349894,56561449,14839147,822215673812119553,15513604,23970102,50769180,108471631,29458079,246500501,41634520,16031927,52544275,818927131883356161
22203756,823367015830323201,471672239,818927131883356161,822215673812119553,25073877
216299334,18166778,208155240,475802156,75541946,720293443260456960,245963716,56561449,22703645,818910970567344128,823367015830323201,822215673812119553,818927131883356161,2908170952,25429371,17685258,471672239,620571475,729676086632656900,39344374,108471631,52544275,39349894,22203756,4121225056,29458079,16031927,14839147,25073877,15513604,50769180,23970102,20733972,41634520
18166778,14839147,246500501,56561449,34852681,2353605901,823367015830323201,15513604,822215673812119553,818927131883356161,818910970567344128,22703645,16031927,41634520,29458079,2908170952,50769180,720293443260456960,471672239,22203756,729676086632656900,25429371,23970102,20733972,245963716,475802156,75541946,4121225056,620571475,39344374,25073877,39349894,108471631,52544275
18166778,14839147,23970102,2353605901,56561449,29458079,620571475,75541946,208155240,20733972,50769180,16031927,22703645,471672239,41634520,15513604,52544275,39349894,39344374,823367015830323201,22203756,25073877,822215673812119553,818910970567344128
25073877,41634520,208155240,50769180
18166778,17685258,245963716,823367015830323201,20733972,818927131883356161,108471631,22203756,729676086632656900,471672239,75541946,2908170952,4121225056,39344374,39349894,52544275,620571475,29458079,25429371,208155240,246500501,16031927,25073877,15513604,22703645,14839147,216299334,41634520,23970102,822215673812119553,50769180
471672239,823367015830323201,818927131883356161,818910970567344128,25073877
22203756,16031927,2908170952,39349894,216299334,18166778,246500501,22703645,29458079,75541946,15513604,208155240,25073877,818927131883356161,14839147,41634520,56561449,39344374,52544275,2353605901,471672239,818910970567344128,822215673812119553
18166778,2353605901,56561449,2908170952,823367015830323201,818910970567344128,15513604,620571475,29458079,720293443260456960,475802156,17685258,818927131883356161,75541946,245963716,108471631,729676086632656900,39349894,39344374,25429371,22703645,4121225056,52544275,14839147,208155240,23970102,16031927,41634520,822215673812119553,20733972,22203756,25073877,50769180
823367015830323201,15513604,29458079,818910970567344128,17685258,2353605901,818927131883356161,471672239,52544275,39344374,22203756,108471631,39349894,620571475,50769180,25073877,16031927,22703645,41634520
16031927,22203756,316865635,108471631,50769180,15513604,41634520,822215673812119553,52544275,25073877,216299334
108471631,75541946,245963716,475802156,2325495378,48223726,82504071,1013672084,29562422,633797941,726414091,39344374,39349894,52544275,25073877
720293443260456960,17685258,39349894,475802156,245963716,52544275,26829777,48223726,82504071,108471631,75541946,726414091,1013672084,29562422,633797941,39344374,25073877
29458079,4121225056,818927131883356161,50769180,822215673812119553,818910970567344128,22703645,56561449,720293443260456960,2908170952,17685258,16031927,471672239,22203756,41634520,23970102,75541946,108471631,620571475,25073877,475802156,39349894,39344374,52544275
18166778,75541946,818910970567344128,29458079,14839147,2908170952,22203756,471672239,39344374,39349894,52544275,208155240,4121225056,41634520,322293052,25073877,20733972,22703645,822215673812119553,818927131883356161,23970102
25073877,823367015830323201,822215673812119553,2353605901,818910970567344128,17685258,108471631,620571475,729676086632656900,75541946,39344374,39349894,52544275
245963716,2908170952,2353605901,818927131883356161,822215673812119553,823367015830323201,818910970567344128,17685258,471672239,25429371,75541946,22203756,108471631,39349894,620571475,52544275,39344374,25073877
818927131883356161,17685258,823367015830323201,246500501,2353605901,822215673812119553,818910970567344128,729676086632656900,29458079,720293443260456960,471672239,22203756,25429371,41634520,2908170952,620571475,2325495378,633797941,15513604,108471631,48223726,39344374,216299334,245963716,75541946,25073877,39349894,52544275
18166778,720293443260456960,14839147,22703645,823367015830323201,2353605901,208155240,822215673812119553,818927131883356161,818910970567344128,34852681,50769180,471672239,20733972,17685258,729676086632656900,56561449,22203756,16031927,29458079,25429371,41634520,15513604,23970102,2908170952,4121225056,246500501,29562422,1013672084,633797941,48223726,726414091,2325495378,620571475,108471631,245963716,25073877,475802156,39344374,52544275,39349894
25073877
25073877,823367015830323201,620571475,2908170952,471672239,22203756,475802156,245963716,108471631,29458079,75541946,41634520,50769180,39349894,39344374,52544275,25429371
822215673812119553,729676086632656900,2353605901,17685258,15513604,471672239,56561449,245963716,22203756,41634520,25429371,75541946,39344374,39349894,108471631,620571475,52544275,25073877
18166778,823367015830323201,56561449,22703645,818910970567344128,818927131883356161,822215673812119553,4121225056,14839147,245963716,720293443260456960,23970102,20733972,50769180,25429371,29458079,471672239,729676086632656900,620571475,17685258,22203756,208155240,75541946,475802156,1222639789,41634520,633797941,108471631,316865635,15513604,39349894,48223726,39344374,52544275,25073877
246500501,620571475,818927131883356161,208155240,23970102,818910970567344128,22703645,2353605901,18166778,22203756,34852681,729676086632656900,471672239,17685258,29458079,14839147,475802156,75541946,245963716,4121225056,52544275,2908170952,108471631,39349894,39344374,56561449,50769180,822215673812119553,41634520,25073877,15513604
2908170952,4121225056,471672239,22203756,818910970567344128,475802156,75541946,620571475,208155240,25429371,18166778,56561449,41634520,108471631,246500501,39349894,20733972,52544275,25073877,39344374,23970102,29458079,22703645,822215673812119553,50769180,818927131883356161,16031927
25073877,52544275,620571475,39349894,15513604
316865635,322293052,823367015830323201,818927131883356161,56561449,471672239,216299334,108471631,75541946,475802156,41634520,16031927,4121225056,620571475,822215673812119553,20733972,39349894,23970102,15513604,29458079,14839147,52544275,39344374,25073877
34852681,216299334,729676086632656900,2353605901,108471631,17685258,18166778,29458079,75541946,4121225056,208155240,823367015830323201,818910970567344128,22703645,50769180,471672239,56561449,246500501,25429371,620571475,52544275,39349894,39344374,25073877,23970102,41634520,818927131883356161,822215673812119553,15513604
216299334,52544275,25073877,322293052
1013672084,108471631,216299334,39344374,720293443260456960,2325495378,620571475,633797941,39349894,52544275,25073877
25073877
471672239,50769180,22203756,29458079,245963716,726414091,25429371,818927131883356161,208155240,729676086632656900,475802156,2908170952,2353605901,75541946,14839147,17685258,20733972,246500501,4121225056,15513604,56561449,39349894,39344374,52544275,25073877
29562422,720293443260456960,726414091,1013672084,2325495378,620571475,26829777,108471631,39349894,48223726,82504071,39344374,52544275,25073877
17685258,245963716,475802156,823367015830323201,82504071,48223726,720293443260456960,22203756,2325495378,75541946,1013672084,29562422,633797941,620571475,52544275,39344374,25073877,39349894
720293443260456960,108471631,29562422,1013672084,726414091,633797941,2325495378,25073877,48223726,39349894,39344374,52544275
720293443260456960,2325495378,75541946,726414091,1013672084,633797941,620571475,29562422,108471631,475802156,82504071,39349894,39344374,25073877,52544275,822215673812119553
75541946,245963716,2325495378,82504071,720293443260456960,39344374,633797941,48223726,29562422,25073877,52544275,39349894,726414091
475802156,245963716,720293443260456960,75541946,82504071,726414091,2325495378,620571475,633797941,1013672084,39349894,39344374,48223726,25073877,52544275
822215673812119553,216299334,1222639789,823367015830323201,18166778,2353605901,818927131883356161,818910970567344128,22703645,720293443260456960,471672239,56561449,729676086632656900,22203756,208155240,20733972,17685258,29458079,50769180,25429371,4121225056,2908170952,16031927,246500501,26829777,2325495378,316865635,1013672084,726414091,633797941,620571475,108471631,245963716,34852681,475802156,29562422,15513604,41634520,23970102,14839147,75541946,82504071,48223726,25073877,39344374,52544275
39344374,25073877,14839147,208155240,56561449,16031927,50769180
50769180,322293052,316865635,17685258,823367015830323201,75541946,245963716,2353605901,471672239,475802156,2908170952,22203756,216299334,620571475,39349894,39344374,108471631,18166778,23970102,208155240,818910970567344128,818927131883356161,52544275,822215673812119553,29458079,246500501,20733972,25073877,41634520
23970102,18166778,822215673812119553,823367015830323201,26829777,39349894,818927131883356161,208155240,16031927,22703645,4121225056,471672239,39344374,246500501,316865635,322293052,52544275,25073877
16031927,1013672084,18166778,56561449,823367015830323201,75541946,245963716,2353605901,818910970567344128,818927131883356161,822215673812119553,729676086632656900,17685258,471672239,720293443260456960,22203756,20733972,29458079,22703645,50769180,620571475,25429371,4121225056,2908170952,14839147,23970102,208155240,726414091,246500501,29562422,2325495378,633797941,108471631,475802156,41634520,15513604,82504071,25073877,48223726,39349894,52544275
208155240,18166778,22703645,14839147,823367015830323201,15513604,2353605901,56561449,822215673812119553,818910970567344128,818927131883356161,729676086632656900,20733972,41634520,720293443260456960,22203756,17685258,471672239,29458079,25429371,50769180,23970102,2908170952,4121225056,29562422,1013672084,726414091,16031927,75541946,246500501,2325495378,633797941,108471631,620571475,26829777,475802156,245963716,216299334,82504071,25073877,48223726,39344374,39349894
